%     Bus      V      A   Pg   Qg   PL(MW)  QL(Mvar) shunt bus_type Qmin Qmax

DBAR = [1     1.060   0   0    0         0     0     0      2   -999 999;
        2     1.045   0  40   42.4    21.7   12.7    0      1    -40  50;
        3     1.010   0   0   23.4    94.2   19.0    0      1      0  40;
        4     1.0     0   0    0      47.8   -3.9    0      0   -999 999;
        5     1.0     0   0    0       7.6    1.6    0      0   -999 999;
        6     1.070   0   0   12.2    11.2    7.5    0      1     -6  24;
        7     1.0     0   0    0       0.0    0.0    0      0   -999 999;
        8     1.090   0   0   17.4     0.0    0.0    0      1     -6  24;
        9     1.0     0   0    0      29.5   16.6   19      0   -999 999;
        10    1.0     0   0    0       9.0    5.8    0      0   -999 999;
        11    1.0     0   0    0       3.5    1.8    0      0   -999 999;
        12    1.0     0   0    0       6.1    1.6    0      0   -999 999;
        13    1.05    0   0    0      13.5    5.8    0      0   -999 999;
        14    1.00    0   0    0      14.9    5.0    0      0   -999 999 ];


 %      from  to    r(Ohms)  x(Ohms)    tap  ang.tap   shunt  type

DLIN =  [1    2     0.01938  0.05917     1      0      0.0264   1;
         1    5     0.05403  0.22304     1      0      0.0246   1;
         2    3     0.04699  0.19797     1      0      0.0219   1;
         2    4     0.05811  0.17632     1      0      0.0170   1;
         2    5     0.05695  0.17388     1      0      0.0173   1;
         3    4     0.06701  0.17103     1      0      0.0064   1;
         4    5     0.01335  0.04211     1      0      0.0      1;
         4    7     0.0      0.20912 0.978      0      0.0      2;
         4    9     0.0      0.55618 0.969      0      0.0      2;
         5    6     0.0      0.25202 0.932      0      0.0      2;
         6   11     0.09498  0.19890     1      0      0.0      1;
         6   12     0.12291  0.25581     1      0      0.0      1;
         6   13     0.06615  0.13027     1      0      0.0      1;
         7    8     0.0      0.17615     1      0      0.0      1;
         7    9     0.0      0.11001     1      0      0.0      1;
         9   10     0.03181  0.08450     1      0      0.0      1;
         9   14     0.12711  0.27038     1      0      0.0      1;
        10   11     0.08205  0.19207     1      0      0.0      1;
        12   13     0.22092  0.19988     1      0      0.0      1;
        13   14     0.17093  0.34802     1      0      0.0      1];
    
Sb = 100;               % Power -- MVA
Vbase = 1;              % Voltage -- kV
Zbase = 1;              % Impedance -- Ohms