%     Bus   V   A   Pg   Qg  PL(MW) QL(Mvar) shunt bus_type Qmin Qmax

DBAR = [1    1   0   0   0   0       0        0      2  -999 999;
        2    1   0   0   0   0.10    0.06     0      0   -40  50;
        3    1   0   0   0   0.09    0.04     0      0     0  40;
        4    1   0   0   0   0.12    0.08     0      0     0   0;
        5    1   0   0   0   0.06    0.03     0      0     0   0;
        6    1   0   0   0   0.06    0.02     0      0    -6  24;
        7    1   0   0   0   0.20    0.10     0      0     0   0;
        8    1   0   0   0   0.20    0.10     0      0    -6  24;
        9    1   0   0   0   0.06    0.02     0      0     0   0;
       10    1   0   0   0   0.06    0.02     0      0     0   0;
       11    1   0   0   0   0.045   0.03     0      0     0   0;
       12    1   0   0   0   0.06    0.035    0      0     0   0;
       13    1   0   0   0   0.06    0.035    0      0     0   0;
       14    1   0   0   0   0.12    0.08     0      0     0   0;
       15    1   0   0   0   0.06    0.01     0      0     0   0;
       16    1   0   0   0   0.06    0.02     0      0    -6  24;
       17    1   0   0   0   0.06    0.02     0      0     0   0;
       18    1   0   0   0   0.09    0.04     0      0    -6  24;
       19    1   0   0   0   0.09    0.04     0      0     0   0;
       20    1   0   0   0   0.09    0.04     0      0     0   0;
       21    1   0   0   0   0.09    0.04     0      0     0   0;
       22    1   0   0   0   0.09    0.04     0      0     0   0;
       23    1   0   0   0   0.09    0.05     0      0     0   0;
       24    1   0   0   0   0.42    0.20     0      0     0   0;
       25    1   0   0   0   0.42    0.20     0      0    -6  24;
       26    1   0   0   0   0.06    0.025    0      0     0   0;
       27    1   0   0   0   0.06    0.025    0      0    -6  24;
       28    1   0   0   0   0.06    0.02     0      0     0   0;
       29    1   0   0   0   0.12    0.07     0      0     0   0;
       30    1   0   0   0   0.20    0.60     0      0     0   0;
       31    1   0   0   0   0.15    0.07     0      0     0   0;
       32    1   0   0   0   0.21    0.10     0      0     0   0;
       33    1   0   0   0   0.06    0.04     0      0     0   0
];

 %      from  to    r(Ohms)  x(Ohms)    tap  ang.tap   shunt  type

DLIN = [ 1   2     0.0922  0.0470   1   0        0      1;
         2   3     0.4930  0.2511   1   0        0      1;
         3   4     0.3660  0.1864   1   0        0      1;
         4   5     0.3811  0.1941   1   0        0      1;
         5   6     0.8190  0.7070   1   0        0      1;
         6   7     0.1872  0.6188   1   0        0      1;
         7   8     0.7114  0.2351   1   0        0      1;
         8   9     1.0300  0.7400   1   0        0      1;
         9  10     1.0440  0.7400   1   0        0      1;
        10  11     0.1966  0.0650   1   0        0      1;
        11  12     0.3744  0.1238   1   0        0      1;
        12  13     1.4680  1.1550   1   0        0      1;
        13  14     0.5416  0.7129   1   0        0      1;
        14  15     0.5910  0.5260   1   0        0      1;
        15  16     0.7463  0.5450   1   0        0      1;
        16  17     1.2890  1.7210   1   0        0      1;
        17  18     0.7320  0.5740   1   0        0      1;
         2  19     0.1640  0.1565   1   0        0      1;
        19  20     1.5042  1.3554   1   0        0      1;
        20  21     0.4095  0.4784   1   0        0      1;
        21  22     0.7089  0.9373   1   0        0      1;
         3  23     0.4512  0.3083   1   0        0      1;
        23  24     0.8980  0.7091   1   0        0      1;
        24  25     0.8960  0.7011   1   0        0      1;
         6  26     0.2030  0.1034   1   0        0      1;
        26  27     0.2842  0.1447   1   0        0      1;
        27  28     1.0590  0.9337   1   0        0      1;
        28  29     0.8042  0.7006   1   0        0      1;
        29  30     0.5075  0.2585   1   0        0      1;
        30  31     0.9744  0.9630   1   0        0      1;
        31  32     0.3105  0.3619   1   0        0      1;
        32  33     0.3410  0.5302   1   0        0      1
];

Sb = 100;               %  -- MVA
Vbase = 12.66;          %  -- KV 33 bus
Zbase = Vbase^2/Sb;     %  -- Ohms