%         Bus     V       A      Pg       Qg         PL(MW) QL(Mvar)    shunt   bus_type  Qmin Qmax
                                                                                                         
DBAR = [   1    1.000     0.    300.     -203.        0.      0.          0.        1   -540.    420.  ; 
           2    1.000   -26.    800.     -134.        0.      0.          0.        1   -720.    480.  ; 
           3    1.020     0.    995.8    -400.        0.      0.          0.        2   -546.    600.  ; 
           4    1.010   -22.    900.     -321.        0.      0.          0.        1   -640.    640.  ; 
           5    1.000   -62.    140.      -22.1       0.      0.          0.        1    -80.     84.  ; 
           6    1.000   -20.    150.      -20.6       0.      0.          0.        1   -120.    126.  ; 
           7    1.000   -27.    200.      -49.6       0.      0.          0.        1   -180.    180.  ; 
           8    1.000   -42.      0.     -461.        0.      0.          0.        1  -1080.   1200.  ; 
           9    1.033   -42.      0.        0.       66.      1.2         0.        0   -999.    999.  ; 
          10    1.056   -28.      0.        0.        0.      0.          0.        0   -999.    999.  ; 
          11    1.069   -36.      0.        0.        0.      0.       -200.        0   -999.    999.  ; 
          12    1.059   -43.      0.        0.        0.      0.       -100.        0   -999.    999.  ; 
          13    1.072   -43.      0.        0.        0.      0.          0.        0   -999.    999.  ; 
          14    1.061   -51.      0.        0.      910.    235.          0.        0   -999.    999.  ; 
          15    1.050   -52.      0.        0.        0.      0.       -100.        0   -999.    999.  ; 
          16    1.041   -41.      0.        0.      180.     90.          0.        0   -999.    999.  ; 
          17    1.067   -41.      0.        0.      200.     38.          0.        0   -999.    999.  ; 
          18    1.035   -46.      0.        0.      450.    175.          0.        0   -999.    999.  ; 
          19    1.037   -43.      0.        0.      290.     95.          0.        0   -999.    999.  ; 
          20    1.027   -27.      0.        0.        0.      0.          0.        0   -999.    999.  ; 
          21    1.027   -26.      0.        0.        0.      0.          0.        0   -999.    999.  ; 
          22    1.028   -33.      0.        0.       54.     23.          0.        0   -999.    999.  ; 
          23    1.036   -44.      0.        0.       72.     34.          0.        0   -999.    999.  ; 
          24    1.023   -53.      0.        0.      700.    250.          0.        0   -999.    999.  ; 
          25    1.048   -27.      0.        0.        0.      0.          0.        0   -999.    999.  ; 
          26    1.050   -29.      0.        0.       93.     39.          0.        0   -999.    999.  ; 
          27    1.049   -28.      0.        0.       53.     25.          0.        0   -999.    999.  ; 
          28    1.050   -32.      0.        0.      364.     58.          0.        0   -999.    999.  ; 
          29    1.025   -40.      0.        0.      600.    200.          0.        0   -999.    999.  ; 
          30    1.028   -39.      0.        0.        0.      0.          0.        0   -999.    999.  ; 
          31    1.052   -32.      0.        0.        0.      0.          0.        0   -999.    999.  ; 
          32    1.000   -34.      0.        0.        0.      0.          0.        0   -999.    999.  ; 
          33    1.016   -40.      0.        0.       86.     34.          0.        0   -999.    999.  ; 
          34    1.010   -49.      0.        0.       89.7    31.9         0.        0   -999.    999.  ; 
          35    1.039   -36.      0.        0.        0.      0.          0.        0   -999.    999.  ; 
          36    1.027   -39.      0.        0.     1000.    350.          0.        0   -999.    999.  ; 
          37    1.020   -19.    700.     -184.        0.      0.          0.        1   -440.    392.  ; 
          38    1.010   -19.    300.     -128.        0.      0.          0.        1   -140.    140.  ; 
          39    1.020   -18.    400.     -125.        0.      0.          0.        1   -150.    150.  ; 
          40    1.020   -24.    200.     -279.        0.      0.          0.        1   -600.    600.  ; 
          41    1.000   -22.    300.      -60.4       0.      0.          0.        1   -120.    120.  ; 
          42    1.049   -24.      0.        0.        0.      0.          0.        0   -999.    999.  ; 
          43    1.046   -23.      0.        0.        0.      0.          0.        0   -999.    999.  ; 
          44    1.033   -26.      0.        0.      274.    104.          0.        0   -999.    999.  ; 
          45    1.046   -22.      0.        0.        0.      0.          0.        0   -999.    999.  ; 
          46    1.049   -25.      0.        0.        0.      0.          0.        0   -999.    999.  ; 
          47    1.041   -26.      0.        0.        0.      0.          0.        0   -999.    999.  ; 
          48    1.020   -21.    800.     -118.        0.      0.          0.        1   -540.    540.  ; 
          49    1.035   -26.      0.        0.        0.      0.          0.        0   -999.    999.  ; 
          50    1.023   -29.      0.        0.      700.    150.          0.        0   -999.    999.  ; 
          51    1.020   -6.9   1100.      138.4       0.      0.          0.        1   -800.    800.  ; 
          52    1.020   3.73   1150.      114.4       0.      0.          0.        1   -600.    600.  ; 
          53    1.020   -3.8   1200.      -72.2       0.      0.          0.        1   -400.    532.  ; 
          54    1.000   -37.      0.        0.      735.4   191.          0.        0   -999.    999.  ; 
          55    1.038   -17.      0.        0.        0.      0.          0.        0   -999.    999.  ; 
          56     .991   -29.      0.        0.       13.4     4.2         0.        0   -999.    999.  ; 
          57     .999   -6.2      0.        0.        0.      0.          0.        0   -999.    999.  ; 
          58     .986   -9.2      0.        0.      159.     36.          0.        0   -999.    999.  ; 
          59     .999   -5.3      0.        0.       94.     18.          0.        0   -999.    999.  ; 
          60    1.035   -11.      0.        0.        0.      0.          0.        0   -999.    999.  ; 
          61    1.044   -35.      0.        0.        0.      0.          0.        0   -999.    999.  ; 
          62    1.028   -4.1      0.        0.        0.      0.          0.        0   -999.    999.  ; 
          63    1.039   -2.8      0.        0.        0.      0.          0.        0   -999.    999.  ; 
          64    1.012   -1.9      0.        0.        0.      0.          0.        0   -999.    999.  ; 
          65    1.020   -15.    700.     -236.        0.      0.          0.        1   -475.    475.  ; 
          66    1.020   -13.    700.     -109.        0.      0.          0.        1   -516.    465.  ; 
          67    1.000   5.98    700.       89.06      0.      0.          0.        1   -148.    220.  ; 
          68    1.020    .11    950.       73.05      0.      0.          0.        1   -440.    420.  ; 
          69    1.038   -18.      0.        0.        0.      0.          0.        0   -999.    999.  ; 
          70    1.000   -18.      0.        0.      237.     59.          0.        0   -999.    999.  ; 
          71    1.043   -37.      0.        0.        0.      0.          0.        0   -999.    999.  ; 
          72    1.000   -40.      0.        0.     1149.     53.06        0.        0   -999.    999.  ; 
